method,mean_cer,median_cer,std_cer,mean_wer,median_wer,std_wer,mean_bwer,median_bwer,std_bwer,line_match_rate,num_documents
gemini,1.0,1.0,0.0,1.0,1.0,0.0,1.0,1.0,0.0,1.0,10
